2 0.5 0.547619 0.8 0.678571
2 0.5 0.547619 0.8 0.678571
2 0.5 0.547619 0.8 0.678571
2 0.5 0.547619 0.8 0.678571
2 0.5 0.547619 0.8 0.678571
2 0.5 0.547619 0.8 0.678571
2 0.5 0.547619 0.8 0.678571
2 0.5 0.547619 0.8 0.678571
2 0.5 0.547619 0.8 0.678571
2 0.5 0.547619 0.8 0.678571
2 0.5 0.547619 0.8 0.678571
2 0.5 0.547619 0.8 0.678571
2 0.5 0.547619 0.8 0.678571
2 0.5 0.547619 0.8 0.678571
2 0.5 0.547619 0.8 0.678571
2 0.5 0.547619 0.8 0.678571
2 0.5 0.547619 0.8 0.678571
2 0.5 0.547619 0.8 0.678571
2 0.5 0.547619 0.8 0.678571
2 0.5 0.547619 0.8 0.678571
2 0.5 0.547619 0.8 0.678571
2 0.5 0.547619 0.8 0.678571
2 0.5 0.547619 0.8 0.678571
2 0.5 0.547619 0.8 0.678571
2 0.5 0.547619 0.8 0.678571
2 0.5 0.547619 0.8 0.678571
2 0.5 0.547619 0.8 0.678571
2 0.5 0.547619 0.8 0.678571
2 0.5 0.547619 0.8 0.678571
2 0.5 0.547619 0.8 0.678571
2 0.5 0.547619 0.8 0.678571
2 0.5 0.547619 0.8 0.678571
2 0.5 0.547619 0.8 0.678571
2 0.5 0.547619 0.8 0.678571
2 0.5 0.547619 0.8 0.678571
2 0.5 0.547619 0.8 0.678571
2 0.5 0.547619 0.8 0.678571
2 0.5 0.547619 0.8 0.678571
2 0.5 0.547619 0.8 0.678571
2 0.5 0.547619 0.8 0.678571
2 0.5 0.547619 0.8 0.678571
2 0.5 0.547619 0.8 0.678571
2 0.5 0.547619 0.8 0.678571
2 0.5 0.547619 0.8 0.678571
2 0.5 0.547619 0.8 0.678571
2 0.5 0.547619 0.8 0.678571
2 0.5 0.547619 0.8 0.678571
2 0.5 0.547619 0.8 0.678571
